           3           3           0           1
           4           3           0           2
           5           3           0           3
           6           3           0           4
           7           3           0           5
           8           3           0           6
           9           3           0           7
          10           3           0           8
          11           3           0           9
          12           3           0          10
          13           3           0          11
          14           3           0          12
          15           3           0          13
          16           3           0          14
          17           3           0          15
          18           3           0          16
          19           3           0          17
          20           3           0          18
          21           3           0          19
          22           3           0          20
          23           3           0          21
          24           3           0          22
          25           3           0          23
          26           3           0          24
          27           3           0          25
          28           3           0          26
          29           3           0          27
          30           3           0          28
          31           3           0          29
          32           3           0          30
          33           3           0          31
          34           3           0          32
          35           3           0          33
          36           3           0          34
          37           3           0          35
           3           4           0          36
           4           4           0          37
           5           4           0          38
           6           4           0          39
           7           4           0          40
           8           4           0          41
           9           4           0          42
          10           4           0          43
          11           4           0          44
          12           4           0          45
          13           4           0          46
          14           4           0          47
          15           4           0          48
          16           4           0          49
          17           4           0          50
          18           4           0          51
          19           4           0          52
          20           4           0          53
          21           4           0          54
          22           4           0          55
          23           4           0          56
          24           4           0          57
          25           4           0          58
          26           4           0          59
          27           4           0          60
          28           4           0          61
          29           4           0          62
          30           4           0          63
          31           4           0          64
          32           4           0          65
          33           4           0          66
          34           4           0          67
          35           4           0          68
          36           4           0          69
          37           4           0          70
           3           5           0          71
           4           5           0          72
           5           5           0          73
           6           5           0          74
           7           5           0          75
           8           5           0          76
           9           5           0          77
          10           5           0          78
          11           5           0          79
          12           5           0          80
          13           5           0          81
          14           5           0          82
          15           5           0          83
          16           5           0          84
          17           5           0          85
          18           5           0          86
          19           5           0          87
          20           5           0          88
          21           5           0          89
          22           5           0          90
          23           5           0          91
          24           5           0          92
          25           5           0          93
          26           5           0          94
          27           5           0          95
          28           5           0          96
          29           5           0          97
          30           5           0          98
          31           5           0          99
          32           5           0         100
          33           5           0         101
          34           5           0         102
          35           5           0         103
          36           5           0         104
          37           5           0         105
           3           6           0         106
           4           6           0         107
           5           6           0         108
           6           6           0         109
           7           6           0         110
           8           6           0         111
           9           6           0         112
          10           6           0         113
          11           6           0         114
          12           6           0         115
          13           6           0         116
          14           6           0         117
          15           6           0         118
          16           6           0         119
          17           6           0         120
          18           6           0         121
          19           6           0         122
          20           6           0         123
          21           6           0         124
          22           6           0         125
          23           6           0         126
          24           6           0         127
          25           6           0         128
          26           6           0         129
          27           6           0         130
          28           6           0         131
          29           6           0         132
          30           6           0         133
          31           6           0         134
          32           6           0         135
          33           6           0         136
          34           6           0         137
          35           6           0         138
          36           6           0         139
          37           6           0         140
           3           7           0         141
           4           7           0         142
           5           7           0         143
           6           7           0         144
           7           7           0         145
           8           7           0         146
           9           7           0         147
          10           7           0         148
          11           7           0         149
          12           7           0         150
          13           7           0         151
          14           7           0         152
          15           7           0         153
          16           7           0         154
          17           7           0         155
          18           7           0         156
          19           7           0         157
          20           7           0         158
          21           7           0         159
          22           7           0         160
          23           7           0         161
          24           7           0         162
          25           7           0         163
          26           7           0         164
          27           7           0         165
          28           7           0         166
          29           7           0         167
          30           7           0         168
          31           7           0         169
          32           7           0         170
          33           7           0         171
          34           7           0         172
          35           7           0         173
          36           7           0         174
          37           7           0         175
           3           8           0         176
           4           8           0         177
           5           8           0         178
           6           8           0         179
           7           8           0         180
           8           8           0         181
           9           8           0         182
          10           8           0         183
          11           8           0         184
          12           8           0         185
          13           8           0         186
          14           8           0         187
          15           8           0         188
          16           8           0         189
          17           8           0         190
          18           8           0         191
          19           8           0         192
          20           8           0         193
          21           8           0         194
          22           8           0         195
          23           8           0         196
          24           8           0         197
          25           8           0         198
          26           8           0         199
          27           8           0         200
          28           8           0         201
          29           8           0         202
          30           8           0         203
          31           8           0         204
          32           8           0         205
          33           8           0         206
          34           8           0         207
          35           8           0         208
          36           8           0         209
          37           8           0         210
           3           9           0         211
           4           9           0         212
           5           9           0         213
           6           9           0         214
           7           9           0         215
           8           9           0         216
           9           9           0         217
          10           9           0         218
          11           9           0         219
          12           9           0         220
          13           9           0         221
          14           9           0         222
          15           9           0         223
          16           9           0         224
          17           9           0         225
          18           9           0         226
          19           9           0         227
          20           9           0         228
          21           9           0         229
          22           9           0         230
          23           9           0         231
          24           9           0         232
          25           9           0         233
          26           9           0         234
          27           9           0         235
          28           9           0         236
          29           9           0         237
          30           9           0         238
          31           9           0         239
          32           9           0         240
          33           9           0         241
          34           9           0         242
          35           9           0         243
          36           9           0         244
          37           9           0         245
           3          10           0         246
           4          10           0         247
           5          10           0         248
           6          10           0         249
           7          10           0         250
           8          10           0         251
           9          10           0         252
          10          10           0         253
          11          10           0         254
          12          10           0         255
          13          10           0         256
          14          10           0         257
          15          10           0         258
          16          10           0         259
          17          10           0         260
          18          10           0         261
          19          10           0         262
          20          10           0         263
          21          10           0         264
          22          10           0         265
          23          10           0         266
          24          10           0         267
          25          10           0         268
          26          10           0         269
          27          10           0         270
          28          10           0         271
          29          10           0         272
          30          10           0         273
          31          10           0         274
          32          10           0         275
          33          10           0         276
          34          10           0         277
          35          10           0         278
          36          10           0         279
           3          11           0         280
           4          11           0         281
           5          11           0         282
           6          11           0         283
           7          11           0         284
           8          11           0         285
           9          11           0         286
          10          11           0         287
          11          11           0         288
          12          11           0         289
          13          11           0         290
          14          11           0         291
          15          11           0         292
          16          11           0         293
          17          11           0         294
          18          11           0         295
          19          11           0         296
          20          11           0         297
          21          11           0         298
          22          11           0         299
          23          11           0         300
          24          11           0         301
          25          11           0         302
          26          11           0         303
          27          11           0         304
          28          11           0         305
          29          11           0         306
          30          11           0         307
          31          11           0         308
          32          11           0         309
          33          11           0         310
          34          11           0         311
          35          11           0         312
          36          11           0         313
           3          12           0         314
           4          12           0         315
           5          12           0         316
           6          12           0         317
           7          12           0         318
           8          12           0         319
           9          12           0         320
          10          12           0         321
          11          12           0         322
          12          12           0         323
          13          12           0         324
          14          12           0         325
          15          12           0         326
          16          12           0         327
          17          12           0         328
          18          12           0         329
          19          12           0         330
          20          12           0         331
          21          12           0         332
          22          12           0         333
          23          12           0         334
          24          12           0         335
          25          12           0         336
          26          12           0         337
          27          12           0         338
          28          12           0         339
          29          12           0         340
          30          12           0         341
          31          12           0         342
          32          12           0         343
          33          12           0         344
          34          12           0         345
          35          12           0         346
          36          12           0         347
           3          13           0         348
           4          13           0         349
           5          13           0         350
           6          13           0         351
           7          13           0         352
           8          13           0         353
           9          13           0         354
          10          13           0         355
          11          13           0         356
          12          13           0         357
          13          13           0         358
          14          13           0         359
          15          13           0         360
          16          13           0         361
          17          13           0         362
          18          13           0         363
          19          13           0         364
          20          13           0         365
          21          13           0         366
          22          13           0         367
          23          13           0         368
          24          13           0         369
          25          13           0         370
          26          13           0         371
          27          13           0         372
          28          13           0         373
          29          13           0         374
          30          13           0         375
          31          13           0         376
          32          13           0         377
          33          13           0         378
          34          13           0         379
          35          13           0         380
          36          13           0         381
           3          14           0         382
           4          14           0         383
           5          14           0         384
           6          14           0         385
           7          14           0         386
           8          14           0         387
           9          14           0         388
          10          14           0         389
          11          14           0         390
          12          14           0         391
          13          14           0         392
          14          14           0         393
          15          14           0         394
          16          14           0         395
          17          14           0         396
          18          14           0         397
          19          14           0         398
          20          14           0         399
          21          14           0         400
          22          14           0         401
          23          14           0         402
          24          14           0         403
          25          14           0         404
          26          14           0         405
          27          14           0         406
          28          14           0         407
          29          14           0         408
          30          14           0         409
          31          14           0         410
          32          14           0         411
          33          14           0         412
          34          14           0         413
          35          14           0         414
           3          15           0         415
           4          15           0         416
           5          15           0         417
           6          15           0         418
           7          15           0         419
           8          15           0         420
           9          15           0         421
          10          15           0         422
          11          15           0         423
          12          15           0         424
          13          15           0         425
          14          15           0         426
          15          15           0         427
          16          15           0         428
          17          15           0         429
          18          15           0         430
          19          15           0         431
          20          15           0         432
          21          15           0         433
          22          15           0         434
          23          15           0         435
          24          15           0         436
          25          15           0         437
          26          15           0         438
          27          15           0         439
          28          15           0         440
          29          15           0         441
          30          15           0         442
          31          15           0         443
          32          15           0         444
          33          15           0         445
          34          15           0         446
          35          15           0         447
           3          16           0         448
           4          16           0         449
           5          16           0         450
           6          16           0         451
           7          16           0         452
           8          16           0         453
           9          16           0         454
          10          16           0         455
          11          16           0         456
          12          16           0         457
          13          16           0         458
          14          16           0         459
          15          16           0         460
          16          16           0         461
          17          16           0         462
          18          16           0         463
          19          16           0         464
          20          16           0         465
          21          16           0         466
          22          16           0         467
          23          16           0         468
          24          16           0         469
          25          16           0         470
          26          16           0         471
          27          16           0         472
          28          16           0         473
          29          16           0         474
          30          16           0         475
          31          16           0         476
          32          16           0         477
          33          16           0         478
          34          16           0         479
           3          17           0         480
           4          17           0         481
           5          17           0         482
           6          17           0         483
           7          17           0         484
           8          17           0         485
           9          17           0         486
          10          17           0         487
          11          17           0         488
          12          17           0         489
          13          17           0         490
          14          17           0         491
          15          17           0         492
          16          17           0         493
          17          17           0         494
          18          17           0         495
          19          17           0         496
          20          17           0         497
          21          17           0         498
          22          17           0         499
          23          17           0         500
          24          17           0         501
          25          17           0         502
          26          17           0         503
          27          17           0         504
          28          17           0         505
          29          17           0         506
          30          17           0         507
          31          17           0         508
          32          17           0         509
          33          17           0         510
          34          17           0         511
           3          18           0         512
           4          18           0         513
           5          18           0         514
           6          18           0         515
           7          18           0         516
           8          18           0         517
           9          18           0         518
          10          18           0         519
          11          18           0         520
          12          18           0         521
          13          18           0         522
          14          18           0         523
          15          18           0         524
          16          18           0         525
          17          18           0         526
          18          18           0         527
          19          18           0         528
          20          18           0         529
          21          18           0         530
          22          18           0         531
          23          18           0         532
          24          18           0         533
          25          18           0         534
          26          18           0         535
          27          18           0         536
          28          18           0         537
          29          18           0         538
          30          18           0         539
          31          18           0         540
          32          18           0         541
          33          18           0         542
           3          19           0         543
           4          19           0         544
           5          19           0         545
           6          19           0         546
           7          19           0         547
           8          19           0         548
           9          19           0         549
          10          19           0         550
          11          19           0         551
          12          19           0         552
          13          19           0         553
          14          19           0         554
          15          19           0         555
          16          19           0         556
          17          19           0         557
          18          19           0         558
          19          19           0         559
          20          19           0         560
          21          19           0         561
          22          19           0         562
          23          19           0         563
          24          19           0         564
          25          19           0         565
          26          19           0         566
          27          19           0         567
          28          19           0         568
          29          19           0         569
          30          19           0         570
          31          19           0         571
          32          19           0         572
          33          19           0         573
           3          20           0         574
           4          20           0         575
           5          20           0         576
           6          20           0         577
           7          20           0         578
           8          20           0         579
           9          20           0         580
          10          20           0         581
          11          20           0         582
          12          20           0         583
          13          20           0         584
          14          20           0         585
          15          20           0         586
          16          20           0         587
          17          20           0         588
          18          20           0         589
          19          20           0         590
          20          20           0         591
          21          20           0         592
          22          20           0         593
          23          20           0         594
          24          20           0         595
          25          20           0         596
          26          20           0         597
          27          20           0         598
          28          20           0         599
          29          20           0         600
          30          20           0         601
          31          20           0         602
          32          20           0         603
           3          21           0         604
           4          21           0         605
           5          21           0         606
           6          21           0         607
           7          21           0         608
           8          21           0         609
           9          21           0         610
          10          21           0         611
          11          21           0         612
          12          21           0         613
          13          21           0         614
          14          21           0         615
          15          21           0         616
          16          21           0         617
          17          21           0         618
          18          21           0         619
          19          21           0         620
          20          21           0         621
          21          21           0         622
          22          21           0         623
          23          21           0         624
          24          21           0         625
          25          21           0         626
          26          21           0         627
          27          21           0         628
          28          21           0         629
          29          21           0         630
          30          21           0         631
          31          21           0         632
           3          22           0         633
           4          22           0         634
           5          22           0         635
           6          22           0         636
           7          22           0         637
           8          22           0         638
           9          22           0         639
          10          22           0         640
          11          22           0         641
          12          22           0         642
          13          22           0         643
          14          22           0         644
          15          22           0         645
          16          22           0         646
          17          22           0         647
          18          22           0         648
          19          22           0         649
          20          22           0         650
          21          22           0         651
          22          22           0         652
          23          22           0         653
          24          22           0         654
          25          22           0         655
          26          22           0         656
          27          22           0         657
          28          22           0         658
          29          22           0         659
          30          22           0         660
          31          22           0         661
           3          23           0         662
           4          23           0         663
           5          23           0         664
           6          23           0         665
           7          23           0         666
           8          23           0         667
           9          23           0         668
          10          23           0         669
          11          23           0         670
          12          23           0         671
          13          23           0         672
          14          23           0         673
          15          23           0         674
          16          23           0         675
          17          23           0         676
          18          23           0         677
          19          23           0         678
          20          23           0         679
          21          23           0         680
          22          23           0         681
          23          23           0         682
          24          23           0         683
          25          23           0         684
          26          23           0         685
          27          23           0         686
          28          23           0         687
          29          23           0         688
          30          23           0         689
           3          24           0         690
           4          24           0         691
           5          24           0         692
           6          24           0         693
           7          24           0         694
           8          24           0         695
           9          24           0         696
          10          24           0         697
          11          24           0         698
          12          24           0         699
          13          24           0         700
          14          24           0         701
          15          24           0         702
          16          24           0         703
          17          24           0         704
          18          24           0         705
          19          24           0         706
          20          24           0         707
          21          24           0         708
          22          24           0         709
          23          24           0         710
          24          24           0         711
          25          24           0         712
          26          24           0         713
          27          24           0         714
          28          24           0         715
          29          24           0         716
           3          25           0         717
           4          25           0         718
           5          25           0         719
           6          25           0         720
           7          25           0         721
           8          25           0         722
           9          25           0         723
          10          25           0         724
          11          25           0         725
          12          25           0         726
          13          25           0         727
          14          25           0         728
          15          25           0         729
          16          25           0         730
          17          25           0         731
          18          25           0         732
          19          25           0         733
          20          25           0         734
          21          25           0         735
          22          25           0         736
          23          25           0         737
          24          25           0         738
          25          25           0         739
          26          25           0         740
          27          25           0         741
          28          25           0         742
           3          26           0         743
           4          26           0         744
           5          26           0         745
           6          26           0         746
           7          26           0         747
           8          26           0         748
           9          26           0         749
          10          26           0         750
          11          26           0         751
          12          26           0         752
          13          26           0         753
          14          26           0         754
          15          26           0         755
          16          26           0         756
          17          26           0         757
          18          26           0         758
          19          26           0         759
          20          26           0         760
          21          26           0         761
          22          26           0         762
          23          26           0         763
          24          26           0         764
          25          26           0         765
          26          26           0         766
          27          26           0         767
           3          27           0         768
           4          27           0         769
           5          27           0         770
           6          27           0         771
           7          27           0         772
           8          27           0         773
           9          27           0         774
          10          27           0         775
          11          27           0         776
          12          27           0         777
          13          27           0         778
          14          27           0         779
          15          27           0         780
          16          27           0         781
          17          27           0         782
          18          27           0         783
          19          27           0         784
          20          27           0         785
          21          27           0         786
          22          27           0         787
          23          27           0         788
          24          27           0         789
          25          27           0         790
          26          27           0         791
           3          28           0         792
           4          28           0         793
           5          28           0         794
           6          28           0         795
           7          28           0         796
           8          28           0         797
           9          28           0         798
          10          28           0         799
          11          28           0         800
          12          28           0         801
          13          28           0         802
          14          28           0         803
          15          28           0         804
          16          28           0         805
          17          28           0         806
          18          28           0         807
          19          28           0         808
          20          28           0         809
          21          28           0         810
          22          28           0         811
          23          28           0         812
          24          28           0         813
           3          29           0         814
           4          29           0         815
           5          29           0         816
           6          29           0         817
           7          29           0         818
           8          29           0         819
           9          29           0         820
          10          29           0         821
          11          29           0         822
          12          29           0         823
          13          29           0         824
          14          29           0         825
          15          29           0         826
          16          29           0         827
          17          29           0         828
          18          29           0         829
          19          29           0         830
          20          29           0         831
          21          29           0         832
          22          29           0         833
          23          29           0         834
           3          30           0         835
           4          30           0         836
           5          30           0         837
           6          30           0         838
           7          30           0         839
           8          30           0         840
           9          30           0         841
          10          30           0         842
          11          30           0         843
          12          30           0         844
          13          30           0         845
          14          30           0         846
          15          30           0         847
          16          30           0         848
          17          30           0         849
          18          30           0         850
          19          30           0         851
          20          30           0         852
          21          30           0         853
           3          31           0         854
           4          31           0         855
           5          31           0         856
           6          31           0         857
           7          31           0         858
           8          31           0         859
           9          31           0         860
          10          31           0         861
          11          31           0         862
          12          31           0         863
          13          31           0         864
          14          31           0         865
          15          31           0         866
          16          31           0         867
          17          31           0         868
          18          31           0         869
          19          31           0         870
           3          32           0         871
           4          32           0         872
           5          32           0         873
           6          32           0         874
           7          32           0         875
           8          32           0         876
           9          32           0         877
          10          32           0         878
          11          32           0         879
          12          32           0         880
          13          32           0         881
          14          32           0         882
          15          32           0         883
          16          32           0         884
          17          32           0         885
           3          33           0         886
           4          33           0         887
           5          33           0         888
           6          33           0         889
           7          33           0         890
           8          33           0         891
           9          33           0         892
          10          33           0         893
          11          33           0         894
          12          33           0         895
          13          33           0         896
          14          33           0         897
          15          33           0         898
           3          34           0         899
           4          34           0         900
           5          34           0         901
           6          34           0         902
           7          34           0         903
           8          34           0         904
           9          34           0         905
          10          34           0         906
          11          34           0         907
