         415         128         501           1
         610         128         501           2
         414         128        1002           3
         611         128        1002           4
         413         128        1503           5
         612         128        1503           6
         412         128        2004           7
         613         128        2004           8
         411         128        2505           9
         614         128        2505          10
         410         128        3006          11
         615         128        3006          12
         409         128        3507          13
         616         128        3507          14
         408         128        4008          15
         617         128        4008          16
         407         128        4509          17
         618         128        4509          18
         406         128        5010          19
         619         128        5010          20
         405         128        5511          21
         620         128        5511          22
         404         128        6012          23
         621         128        6012          24
         403         128        6513          25
         622         128        6513          26
         402         128        7014          27
         623         128        7014          28
         401         128        7354          29
         624         128        7354          30
         400         128        7635          31
         625         128        7635          32
         399         128        7874          33
         626         128        7874          34
         398         128        8080          35
         627         128        8080          36
         397         128        8261          37
         628         128        8261          38
         396         128        8420          39
         629         128        8420          40
         395         128        8563          41
         630         128        8563          42
         394         128        8690          43
         631         128        8690          44
         393         128        8805          45
         632         128        8805          46
         392         128        8911          47
         633         128        8911          48
         391         128        9006          49
         634         128        9006          50
         390         128        9093          51
         635         128        9093          52
         389         128        9174          53
         636         128        9174          54
         388         128        9250          55
         637         128        9250          56
         387         128        9318          57
         638         128        9318          58
         386         128        9383          59
         639         128        9383          60
         385         128        9444          61
         640         128        9444          62
         384         128        9501          63
         641         128        9501          64
         383         128        9554          65
         642         128        9554          66
         382         128        9604          67
         643         128        9604          68
         381         128        9651          69
         644         128        9651          70
         380         128        9696          71
         645         128        9696          72
         379         128        9739          73
         646         128        9739          74
         378         128        9780          75
         647         128        9780          76
         377         128        9818          77
         648         128        9818          78
         376         128        9855          79
         649         128        9855          80
         375         128        9890          81
         650         128        9890          82
         374         128        9926          83
         651         128        9926          84
         373         128        9961          85
         652         128        9961          86
         372         128        9997          87
         653         128        9997          88
         371         128       10033          89
         654         128       10033          90
         370         128       10068          91
         655         128       10068          92
         369         128       10104          93
         656         128       10104          94
         368         128       10138          95
         657         128       10138          96
         367         128       10172          97
         658         128       10172          98
         366         128       10206          99
         659         128       10206         100
         365         128       10238         101
         660         128       10238         102
         364         128       10270         103
         661         128       10270         104
         363         128       10301         105
         662         128       10301         106
         362         128       10331         107
         663         128       10331         108
         361         128       10360         109
         664         128       10360         110
         360         128       10388         111
         665         128       10388         112
         359         128       10416         113
         666         128       10416         114
         358         128       10445         115
         667         128       10445         116
         357         128       10473         117
         668         128       10473         118
         356         128       10503         119
         669         128       10503         120
         355         128       10532         121
         670         128       10532         122
         354         128       10561         123
         671         128       10561         124
         353         128       10589         125
         672         128       10589         126
         352         128       10617         127
         673         128       10617         128
         351         128       10645         129
         674         128       10645         130
         350         128       10673         131
         675         128       10673         132
         349         128       10701         133
         676         128       10701         134
         348         128       10727         135
         677         128       10727         136
         347         128       10755         137
         678         128       10755         138
         346         128       10781         139
         679         128       10781         140
         345         128       10807         141
         680         128       10807         142
         344         128       10833         143
         681         128       10833         144
         343         128       10859         145
         682         128       10859         146
         342         128       10884         147
         683         128       10884         148
         341         128       10909         149
         684         128       10909         150
         340         128       10933         151
         685         128       10933         152
         339         128       10957         153
         686         128       10957         154
         338         128       10980         155
         687         128       10980         156
         337         128       11004         157
         688         128       11004         158
         336         128       11027         159
         689         128       11027         160
         335         128       11050         161
         690         128       11050         162
         334         128       11072         163
         691         128       11072         164
         333         128       11094         165
         692         128       11094         166
         332         128       11115         167
         693         128       11115         168
         331         128       11136         169
         694         128       11136         170
         330         128       11157         171
         695         128       11157         172
         329         128       11178         173
         696         128       11178         174
         328         128       11198         175
         697         128       11198         176
         327         128       11218         177
         698         128       11218         178
         326         128       11237         179
         699         128       11237         180
         325         128       11256         181
         700         128       11256         182
         324         128       11275         183
         701         128       11275         184
         323         128       11293         185
         702         128       11293         186
         322         128       11312         187
         703         128       11312         188
         321         128       11329         189
         704         128       11329         190
         320         128       11347         191
         705         128       11347         192
         319         128       11364         193
         706         128       11364         194
         318         128       11381         195
         707         128       11381         196
         317         128       11398         197
         708         128       11398         198
         316         128       11414         199
         709         128       11414         200
         315         128       11430         201
         710         128       11430         202
         314         128       11446         203
         711         128       11446         204
         313         128       11462         205
         712         128       11462         206
         312         128       11478         207
         713         128       11478         208
         311         128       11493         209
         714         128       11493         210
         310         128       11508         211
         715         128       11508         212
         309         128       11523         213
         716         128       11523         214
         308         128       11538         215
         717         128       11538         216
         307         128       11553         217
         718         128       11553         218
         306         128       11568         219
         719         128       11568         220
         305         128       11582         221
         720         128       11582         222
         304         128       11596         223
         721         128       11596         224
         303         128       11610         225
         722         128       11610         226
         302         128       11624         227
         723         128       11624         228
         301         128       11638         229
         724         128       11638         230
         300         128       11652         231
         725         128       11652         232
         299         128       11665         233
         726         128       11665         234
         298         128       11678         235
         727         128       11678         236
         297         128       11692         237
         728         128       11692         238
         296         128       11705         239
         729         128       11705         240
         295         128       11718         241
         730         128       11718         242
         294         128       11731         243
         731         128       11731         244
         293         128       11744         245
         732         128       11744         246
         292         128       11757         247
         733         128       11757         248
         291         128       11769         249
         734         128       11769         250
         290         128       11782         251
         735         128       11782         252
         289         128       11794         253
         736         128       11794         254
         288         128       11806         255
         737         128       11806         256
         287         128       11818         257
         738         128       11818         258
         286         128       11830         259
         739         128       11830         260
         285         128       11842         261
         740         128       11842         262
         284         128       11854         263
         741         128       11854         264
         283         128       11866         265
         742         128       11866         266
         282         128       11877         267
         743         128       11877         268
         281         128       11889         269
         744         128       11889         270
         280         128       11901         271
         745         128       11901         272
         279         128       11912         273
         746         128       11912         274
         278         128       11924         275
         747         128       11924         276
         277         128       11935         277
         748         128       11935         278
         276         128       11946         279
         749         128       11946         280
         275         128       11957         281
         750         128       11957         282
         274         128       11968         283
         751         128       11968         284
         273         128       11979         285
         752         128       11979         286
         272         128       11990         287
         753         128       11990         288
         271         128       12001         289
         754         128       12001         290
         270         128       12012         291
         755         128       12012         292
         269         128       12023         293
         756         128       12023         294
         268         128       12033         295
         757         128       12033         296
         267         128       12044         297
         758         128       12044         298
         266         128       12055         299
         759         128       12055         300
         265         128       12065         301
         760         128       12065         302
         264         128       12076         303
         761         128       12076         304
         263         128       12086         305
         762         128       12086         306
         262         128       12096         307
         763         128       12096         308
         261         128       12107         309
         764         128       12107         310
         260         128       12117         311
         765         128       12117         312
         259         128       12127         313
         766         128       12127         314
         258         128       12137         315
         767         128       12137         316
         257         128       12147         317
         768         128       12147         318
         256         128       12157         319
         769         128       12157         320
         255         128       12167         321
         770         128       12167         322
         254         128       12177         323
         771         128       12177         324
         253         128       12187         325
         772         128       12187         326
         252         128       12197         327
         773         128       12197         328
         251         128       12207         329
         774         128       12207         330
         250         128       12217         331
         775         128       12217         332
         249         128       12226         333
         776         128       12226         334
         248         128       12236         335
         777         128       12236         336
         247         128       12246         337
         778         128       12246         338
         246         128       12255         339
         779         128       12255         340
         245         128       12265         341
         780         128       12265         342
         244         128       12275         343
         781         128       12275         344
         243         128       12284         345
         782         128       12284         346
         242         128       12294         347
         783         128       12294         348
         241         128       12303         349
         784         128       12303         350
         240         128       12313         351
         785         128       12313         352
         239         128       12322         353
         786         128       12322         354
         238         128       12332         355
         787         128       12332         356
         237         128       12341         357
         788         128       12341         358
         236         128       12350         359
         789         128       12350         360
         235         128       12360         361
         790         128       12360         362
         234         128       12369         363
         791         128       12369         364
         233         128       12378         365
         792         128       12378         366
         232         128       12387         367
         793         128       12387         368
         231         128       12396         369
         794         128       12396         370
         230         128       12405         371
         795         128       12405         372
         229         128       12415         373
         796         128       12415         374
         228         128       12424         375
         797         128       12424         376
         227         128       12433         377
         798         128       12433         378
         226         128       12442         379
         799         128       12442         380
         225         128       12451         381
         800         128       12451         382
         224         128       12460         383
         801         128       12460         384
         223         128       12469         385
         802         128       12469         386
         222         128       12478         387
         803         128       12478         388
         221         128       12487         389
         804         128       12487         390
         220         128       12496         391
         805         128       12496         392
         219         128       12505         393
         806         128       12505         394
         218         128       12514         395
         807         128       12514         396
         217         128       12523         397
         808         128       12523         398
         216         128       12531         399
         809         128       12531         400
         215         128       12540         401
         810         128       12540         402
         214         128       12549         403
         811         128       12549         404
         213         128       12558         405
         812         128       12558         406
         212         128       12567         407
         813         128       12567         408
         211         128       12575         409
         814         128       12575         410
         210         128       12584         411
         815         128       12584         412
         209         128       12593         413
         816         128       12593         414
         208         128       12601         415
         817         128       12601         416
         207         128       12610         417
         818         128       12610         418
         206         128       12619         419
         819         128       12619         420
         205         128       12627         421
         820         128       12627         422
         204         128       12636         423
         821         128       12636         424
         203         128       12644         425
         822         128       12644         426
         202         128       12653         427
         823         128       12653         428
         201         128       12661         429
         824         128       12661         430
         200         128       12670         431
         825         128       12670         432
         199         128       12678         433
         826         128       12678         434
         198         128       12687         435
         827         128       12687         436
         197         128       12695         437
         828         128       12695         438
         196         128       12704         439
         829         128       12704         440
         195         128       12712         441
         830         128       12712         442
         194         128       12721         443
         831         128       12721         444
         193         128       12729         445
         832         128       12729         446
         192         128       12738         447
         833         128       12738         448
         191         128       12746         449
         834         128       12746         450
         190         128       12754         451
         835         128       12754         452
         189         128       12763         453
         836         128       12763         454
         188         128       12771         455
         837         128       12771         456
         187         128       12780         457
         838         128       12780         458
         186         128       12788         459
         839         128       12788         460
         185         128       12796         461
         840         128       12796         462
         184         128       12805         463
         841         128       12805         464
         183         128       12813         465
         842         128       12813         466
         182         128       12821         467
         843         128       12821         468
         181         128       12830         469
         844         128       12830         470
         180         128       12838         471
         845         128       12838         472
         179         128       12846         473
         846         128       12846         474
         178         128       12855         475
         847         128       12855         476
         177         128       12863         477
         848         128       12863         478
         176         128       12871         479
         849         128       12871         480
         175         128       12879         481
         850         128       12879         482
         174         128       12888         483
         851         128       12888         484
         173         128       12896         485
         852         128       12896         486
         172         128       12904         487
         853         128       12904         488
         171         128       12912         489
         854         128       12912         490
         170         128       12921         491
         855         128       12921         492
         169         128       12929         493
         856         128       12929         494
         168         128       12937         495
         857         128       12937         496
         167         128       12945         497
         858         128       12945         498
         166         128       12953         499
         859         128       12953         500
         165         128       12961         501
         860         128       12961         502
         164         128       12970         503
         861         128       12970         504
         163         128       12978         505
         862         128       12978         506
         162         128       12986         507
         863         128       12986         508
         161         128       12994         509
         864         128       12994         510
         160         128       13002         511
         865         128       13002         512
         159         128       13010         513
         866         128       13010         514
         158         128       13018         515
         867         128       13018         516
         157         128       13026         517
         868         128       13026         518
         156         128       13035         519
         869         128       13035         520
         155         128       13043         521
         870         128       13043         522
         154         128       13051         523
         871         128       13051         524
         153         128       13059         525
         872         128       13059         526
         152         128       13067         527
         873         128       13067         528
         151         128       13075         529
         874         128       13075         530
         150         128       13083         531
         875         128       13083         532
         149         128       13091         533
         876         128       13091         534
         148         128       13099         535
         877         128       13099         536
         147         128       13107         537
         878         128       13107         538
         146         128       13115         539
         879         128       13115         540
         145         128       13123         541
         880         128       13123         542
         144         128       13131         543
         881         128       13131         544
         143         128       13139         545
         882         128       13139         546
         142         128       13147         547
         883         128       13147         548
         141         128       13155         549
         884         128       13155         550
         140         128       13163         551
         885         128       13163         552
         139         128       13171         553
         886         128       13171         554
         138         128       13179         555
         887         128       13179         556
         137         128       13187         557
         888         128       13187         558
         136         128       13195         559
         889         128       13195         560
         135         128       13203         561
         890         128       13203         562
         134         128       13211         563
         891         128       13211         564
         133         128       13219         565
         892         128       13219         566
         132         128       13227         567
         893         128       13227         568
         131         128       13235         569
         894         128       13235         570
         130         128       13243         571
         895         128       13243         572
         129         128       13251         573
         896         128       13251         574
         128         128       13259         575
         897         128       13259         576
         127         128       13267         577
         898         128       13267         578
         126         128       13275         579
         899         128       13275         580
         125         128       13283         581
         900         128       13283         582
         124         128       13291         583
         901         128       13291         584
         123         128       13299         585
         902         128       13299         586
         122         128       13307         587
         903         128       13307         588
         121         128       13315         589
         904         128       13315         590
         120         128       13323         591
         905         128       13323         592
         119         128       13331         593
         906         128       13331         594
         118         128       13339         595
         907         128       13339         596
         117         128       13347         597
         908         128       13347         598
         116         128       13355         599
         909         128       13355         600
         115         128       13362         601
         910         128       13362         602
         114         128       13370         603
         911         128       13370         604
         113         128       13378         605
         912         128       13378         606
         112         128       13386         607
         913         128       13386         608
         111         128       13394         609
         914         128       13394         610
         110         128       13402         611
         915         128       13402         612
         109         128       13410         613
         916         128       13410         614
         108         128       13418         615
         917         128       13418         616
         107         128       13426         617
         918         128       13426         618
         106         128       13434         619
         919         128       13434         620
         105         128       13441         621
         920         128       13441         622
         104         128       13449         623
         921         128       13449         624
         103         128       13457         625
         922         128       13457         626
         102         128       13465         627
         923         128       13465         628
         101         128       13473         629
         924         128       13473         630
         100         128       13481         631
         925         128       13481         632
          99         128       13489         633
         926         128       13489         634
          98         128       13497         635
         927         128       13497         636
          97         128       13504         637
         928         128       13504         638
          96         128       13512         639
         929         128       13512         640
          95         128       13520         641
         930         128       13520         642
          94         128       13528         643
         931         128       13528         644
          93         128       13536         645
         932         128       13536         646
          92         128       13544         647
         933         128       13544         648
          91         128       13551         649
         934         128       13551         650
          90         128       13559         651
         935         128       13559         652
          89         128       13567         653
         936         128       13567         654
          88         128       13575         655
         937         128       13575         656
          87         128       13583         657
         938         128       13583         658
          86         128       13591         659
         939         128       13591         660
          85         128       13598         661
         940         128       13598         662
          84         128       13606         663
         941         128       13606         664
          83         128       13614         665
         942         128       13614         666
          82         128       13622         667
         943         128       13622         668
          81         128       13630         669
         944         128       13630         670
          80         128       13637         671
         945         128       13637         672
          79         128       13645         673
         946         128       13645         674
          78         128       13653         675
         947         128       13653         676
          77         128       13661         677
         948         128       13661         678
          76         128       13669         679
         949         128       13669         680
          75         128       13676         681
         950         128       13676         682
          74         128       13684         683
         951         128       13684         684
          73         128       13692         685
         952         128       13692         686
          72         128       13700         687
         953         128       13700         688
          71         128       13708         689
         954         128       13708         690
          70         128       13715         691
         955         128       13715         692
          69         128       13723         693
         956         128       13723         694
          68         128       13731         695
         957         128       13731         696
          67         128       13739         697
         958         128       13739         698
          66         128       13746         699
         959         128       13746         700
          65         128       13754         701
         960         128       13754         702
          64         128       13762         703
         961         128       13762         704
          63         128       13770         705
         962         128       13770         706
          62         128       13777         707
         963         128       13777         708
          61         128       13785         709
         964         128       13785         710
          60         128       13793         711
         965         128       13793         712
          59         128       13801         713
         966         128       13801         714
          58         128       13808         715
         967         128       13808         716
          57         128       13816         717
         968         128       13816         718
          56         128       13824         719
         969         128       13824         720
          55         128       13832         721
         970         128       13832         722
          54         128       13839         723
         971         128       13839         724
          53         128       13847         725
         972         128       13847         726
          52         128       13855         727
         973         128       13855         728
          51         128       13862         729
         974         128       13862         730
          50         128       13870         731
         975         128       13870         732
          49         128       13878         733
         976         128       13878         734
          48         128       13886         735
         977         128       13886         736
          47         128       13893         737
         978         128       13893         738
          46         128       13901         739
         979         128       13901         740
          45         128       13909         741
         980         128       13909         742
          44         128       13916         743
         981         128       13916         744
          43         128       13924         745
         982         128       13924         746
          42         128       13932         747
         983         128       13932         748
          41         128       13939         749
         984         128       13939         750
          40         128       13947         751
         985         128       13947         752
          39         128       13955         753
         986         128       13955         754
          38         128       13962         755
         987         128       13962         756
          37         128       13970         757
         988         128       13970         758
          36         128       13978         759
         989         128       13978         760
          35         128       13985         761
         990         128       13985         762
          34         128       13993         763
         991         128       13993         764
          33         128       14001         765
         992         128       14001         766
          32         128       14008         767
         993         128       14008         768
          31         128       14016         769
         994         128       14016         770
          30         128       14024         771
         995         128       14024         772
          29         128       14031         773
         996         128       14031         774
          28         128       14039         775
         997         128       14039         776
          27         128       14047         777
         998         128       14047         778
          26         128       14054         779
         999         128       14054         780
          25         128       14062         781
        1000         128       14062         782
          24         128       14070         783
        1001         128       14070         784
          23         128       14077         785
        1002         128       14077         786
          22         128       14085         787
        1003         128       14085         788
          21         128       14092         789
        1004         128       14092         790
          20         128       14100         791
        1005         128       14100         792
          19         128       14108         793
        1006         128       14108         794
          18         128       14115         795
        1007         128       14115         796
          17         128       14123         797
        1008         128       14123         798
          16         128       14131         799
        1009         128       14131         800
          15         128       14138         801
        1010         128       14138         802
          14         128       14146         803
        1011         128       14146         804
          13         128       14153         805
        1012         128       14153         806
          12         128       14161         807
        1013         128       14161         808
          11         128       14169         809
        1014         128       14169         810
          10         128       14176         811
        1015         128       14176         812
           9         128       14184         813
        1016         128       14184         814
           8         128       14191         815
        1017         128       14191         816
           7         128       14199         817
        1018         128       14199         818
           6         128       14206         819
        1019         128       14206         820
           5         128       14214         821
        1020         128       14214         822
           4         128       14222         823
        1021         128       14222         824
           3         128       14229         825
        1022         128       14229         826
        1023         128       14236         827
           2         128       14237         828
           1         128       14244         829
        1024         128       14244         830
