         415         128         501           1
         610         128         501           2
         414         128        1002           3
         611         128        1002           4
         413         128        1503           5
         612         128        1503           6
         412         128        2004           7
         613         128        2004           8
         411         128        2505           9
         614         128        2505          10
         410         128        3006          11
         615         128        3006          12
         409         128        3507          13
         616         128        3507          14
         408         128        4008          15
         617         128        4008          16
         407         128        4509          17
         618         128        4509          18
         406         128        5010          19
         619         128        5010          20
         405         128        5511          21
         620         128        5511          22
         404         128        6012          23
         621         128        6012          24
         403         128        6513          25
         622         128        6513          26
         402         128        7014          27
         623         128        7014          28
         401         128        7515          29
         624         128        7515          30
         400         128        8016          31
         625         128        8016          32
         399         128        8517          33
         626         128        8517          34
         398         128        9018          35
         627         128        9018          36
         397         128        9324          37
         628         128        9324          38
         396         128        9555          39
         629         128        9555          40
         395         128        9744          41
         630         128        9744          42
         394         128        9905          43
         631         128        9905          44
         393         128       10044          45
         632         128       10044          46
         392         128       10166          47
         633         128       10166          48
         391         128       10274          49
         634         128       10274          50
         390         128       10372          51
         635         128       10372          52
         389         128       10461          53
         636         128       10461          54
         388         128       10541          55
         637         128       10541          56
         387         128       10616          57
         638         128       10616          58
         386         128       10684          59
         639         128       10684          60
         385         128       10748          61
         640         128       10748          62
         384         128       10807          63
         641         128       10807          64
         383         128       10862          65
         642         128       10862          66
         382         128       10915          67
         643         128       10915          68
         381         128       10964          69
         644         128       10964          70
         380         128       11010          71
         645         128       11010          72
         379         128       11053          73
         646         128       11053          74
         378         128       11095          75
         647         128       11095          76
         377         128       11134          77
         648         128       11134          78
         376         128       11172          79
         649         128       11172          80
         375         128       11208          81
         650         128       11208          82
         374         128       11242          83
         651         128       11242          84
         373         128       11277          85
         652         128       11277          86
         372         128       11312          87
         653         128       11312          88
         371         128       11347          89
         654         128       11347          90
         370         128       11382          91
         655         128       11382          92
         369         128       11417          93
         656         128       11417          94
         368         128       11451          95
         657         128       11451          96
         367         128       11484          97
         658         128       11484          98
         366         128       11518          99
         659         128       11518         100
         365         128       11550         101
         660         128       11550         102
         364         128       11582         103
         661         128       11582         104
         363         128       11612         105
         662         128       11612         106
         362         128       11643         107
         663         128       11643         108
         361         128       11672         109
         664         128       11672         110
         360         128       11701         111
         665         128       11701         112
         359         128       11728         113
         666         128       11728         114
         358         128       11754         115
         667         128       11754         116
         357         128       11783         117
         668         128       11783         118
         356         128       11811         119
         669         128       11811         120
         355         128       11839         121
         670         128       11839         122
         354         128       11867         123
         671         128       11867         124
         353         128       11894         125
         672         128       11894         126
         352         128       11922         127
         673         128       11922         128
         351         128       11950         129
         674         128       11950         130
         350         128       11977         131
         675         128       11977         132
         349         128       12004         133
         676         128       12004         134
         348         128       12030         135
         677         128       12030         136
         347         128       12057         137
         678         128       12057         138
         346         128       12083         139
         679         128       12083         140
         345         128       12108         141
         680         128       12108         142
         344         128       12134         143
         681         128       12134         144
         343         128       12159         145
         682         128       12159         146
         342         128       12184         147
         683         128       12184         148
         341         128       12208         149
         684         128       12208         150
         340         128       12232         151
         685         128       12232         152
         339         128       12256         153
         686         128       12256         154
         338         128       12279         155
         687         128       12279         156
         337         128       12302         157
         688         128       12302         158
         336         128       12325         159
         689         128       12325         160
         335         128       12347         161
         690         128       12347         162
         334         128       12369         163
         691         128       12369         164
         333         128       12391         165
         692         128       12391         166
         332         128       12412         167
         693         128       12412         168
         331         128       12434         169
         694         128       12434         170
         330         128       12454         171
         695         128       12454         172
         329         128       12475         173
         696         128       12475         174
         328         128       12495         175
         697         128       12495         176
         327         128       12514         177
         698         128       12514         178
         326         128       12533         179
         699         128       12533         180
         325         128       12552         181
         700         128       12552         182
         324         128       12571         183
         701         128       12571         184
         323         128       12590         185
         702         128       12590         186
         322         128       12608         187
         703         128       12608         188
         321         128       12626         189
         704         128       12626         190
         320         128       12643         191
         705         128       12643         192
         319         128       12660         193
         706         128       12660         194
         318         128       12677         195
         707         128       12677         196
         317         128       12694         197
         708         128       12694         198
         316         128       12711         199
         709         128       12711         200
         315         128       12727         201
         710         128       12727         202
         314         128       12743         203
         711         128       12743         204
         313         128       12759         205
         712         128       12759         206
         312         128       12775         207
         713         128       12775         208
         311         128       12791         209
         714         128       12791         210
         310         128       12806         211
         715         128       12806         212
         309         128       12821         213
         716         128       12821         214
         308         128       12836         215
         717         128       12836         216
         307         128       12851         217
         718         128       12851         218
         306         128       12866         219
         719         128       12866         220
         305         128       12880         221
         720         128       12880         222
         304         128       12895         223
         721         128       12895         224
         303         128       12909         225
         722         128       12909         226
         302         128       12923         227
         723         128       12923         228
         301         128       12937         229
         724         128       12937         230
         300         128       12950         231
         725         128       12950         232
         299         128       12964         233
         726         128       12964         234
         298         128       12977         235
         727         128       12977         236
         297         128       12990         237
         728         128       12990         238
         296         128       13004         239
         729         128       13004         240
         295         128       13017         241
         730         128       13017         242
         294         128       13030         243
         731         128       13030         244
         293         128       13043         245
         732         128       13043         246
         292         128       13055         247
         733         128       13055         248
         291         128       13068         249
         734         128       13068         250
         290         128       13080         251
         735         128       13080         252
         289         128       13093         253
         736         128       13093         254
         288         128       13105         255
         737         128       13105         256
         287         128       13117         257
         738         128       13117         258
         286         128       13129         259
         739         128       13129         260
         285         128       13141         261
         740         128       13141         262
         284         128       13153         263
         741         128       13153         264
         283         128       13165         265
         742         128       13165         266
         282         128       13177         267
         743         128       13177         268
         281         128       13188         269
         744         128       13188         270
         280         128       13200         271
         745         128       13200         272
         279         128       13211         273
         746         128       13211         274
         278         128       13223         275
         747         128       13223         276
         277         128       13234         277
         748         128       13234         278
         276         128       13245         279
         749         128       13245         280
         275         128       13256         281
         750         128       13256         282
         274         128       13267         283
         751         128       13267         284
         273         128       13278         285
         752         128       13278         286
         272         128       13289         287
         753         128       13289         288
         271         128       13300         289
         754         128       13300         290
         270         128       13311         291
         755         128       13311         292
         269         128       13322         293
         756         128       13322         294
         268         128       13332         295
         757         128       13332         296
         267         128       13343         297
         758         128       13343         298
         266         128       13354         299
         759         128       13354         300
         265         128       13364         301
         760         128       13364         302
         264         128       13375         303
         761         128       13375         304
         263         128       13385         305
         762         128       13385         306
         262         128       13396         307
         763         128       13396         308
         261         128       13406         309
         764         128       13406         310
         260         128       13416         311
         765         128       13416         312
         259         128       13426         313
         766         128       13426         314
         258         128       13437         315
         767         128       13437         316
         257         128       13447         317
         768         128       13447         318
         256         128       13457         319
         769         128       13457         320
         255         128       13467         321
         770         128       13467         322
         254         128       13477         323
         771         128       13477         324
         253         128       13487         325
         772         128       13487         326
         252         128       13497         327
         773         128       13497         328
         251         128       13507         329
         774         128       13507         330
         250         128       13516         331
         775         128       13516         332
         249         128       13526         333
         776         128       13526         334
         248         128       13536         335
         777         128       13536         336
         247         128       13545         337
         778         128       13545         338
         246         128       13555         339
         779         128       13555         340
         245         128       13565         341
         780         128       13565         342
         244         128       13574         343
         781         128       13574         344
         243         128       13584         345
         782         128       13584         346
         242         128       13593         347
         783         128       13593         348
         241         128       13603         349
         784         128       13603         350
         240         128       13612         351
         785         128       13612         352
         239         128       13622         353
         786         128       13622         354
         238         128       13631         355
         787         128       13631         356
         237         128       13640         357
         788         128       13640         358
         236         128       13650         359
         789         128       13650         360
         235         128       13659         361
         790         128       13659         362
         234         128       13668         363
         791         128       13668         364
         233         128       13677         365
         792         128       13677         366
         232         128       13686         367
         793         128       13686         368
         231         128       13695         369
         794         128       13695         370
         230         128       13704         371
         795         128       13704         372
         229         128       13713         373
         796         128       13713         374
         228         128       13722         375
         797         128       13722         376
         227         128       13731         377
         798         128       13731         378
         226         128       13740         379
         799         128       13740         380
         225         128       13749         381
         800         128       13749         382
         224         128       13758         383
         801         128       13758         384
         223         128       13767         385
         802         128       13767         386
         222         128       13776         387
         803         128       13776         388
         221         128       13785         389
         804         128       13785         390
         220         128       13794         391
         805         128       13794         392
         219         128       13803         393
         806         128       13803         394
         218         128       13811         395
         807         128       13811         396
         217         128       13820         397
         808         128       13820         398
         216         128       13829         399
         809         128       13829         400
         215         128       13838         401
         810         128       13838         402
         214         128       13846         403
         811         128       13846         404
         213         128       13855         405
         812         128       13855         406
         212         128       13864         407
         813         128       13864         408
         211         128       13872         409
         814         128       13872         410
         210         128       13881         411
         815         128       13881         412
         209         128       13890         413
         816         128       13890         414
         208         128       13898         415
         817         128       13898         416
         207         128       13907         417
         818         128       13907         418
         206         128       13915         419
         819         128       13915         420
         205         128       13924         421
         820         128       13924         422
         204         128       13932         423
         821         128       13932         424
         203         128       13941         425
         822         128       13941         426
         202         128       13949         427
         823         128       13949         428
         201         128       13958         429
         824         128       13958         430
         200         128       13966         431
         825         128       13966         432
         199         128       13975         433
         826         128       13975         434
         198         128       13983         435
         827         128       13983         436
         197         128       13992         437
         828         128       13992         438
         196         128       14000         439
         829         128       14000         440
         195         128       14008         441
         830         128       14008         442
         194         128       14017         443
         831         128       14017         444
         193         128       14025         445
         832         128       14025         446
         192         128       14033         447
         833         128       14033         448
         191         128       14042         449
         834         128       14042         450
         190         128       14050         451
         835         128       14050         452
         189         128       14058         453
         836         128       14058         454
         188         128       14067         455
         837         128       14067         456
         187         128       14075         457
         838         128       14075         458
         186         128       14083         459
         839         128       14083         460
         185         128       14091         461
         840         128       14091         462
         184         128       14100         463
         841         128       14100         464
         183         128       14108         465
         842         128       14108         466
         182         128       14116         467
         843         128       14116         468
         181         128       14124         469
         844         128       14124         470
         180         128       14132         471
         845         128       14132         472
         179         128       14141         473
         846         128       14141         474
         178         128       14149         475
         847         128       14149         476
         177         128       14157         477
         848         128       14157         478
         176         128       14165         479
         849         128       14165         480
         175         128       14173         481
         850         128       14173         482
         174         128       14181         483
         851         128       14181         484
         173         128       14190         485
         852         128       14190         486
         172         128       14198         487
         853         128       14198         488
         171         128       14206         489
         854         128       14206         490
         170         128       14214         491
         855         128       14214         492
         169         128       14222         493
         856         128       14222         494
         168         128       14230         495
         857         128       14230         496
         167         128       14238         497
         858         128       14238         498
         166         128       14246         499
         859         128       14246         500
         165         128       14254         501
         860         128       14254         502
         164         128       14262         503
         861         128       14262         504
         163         128       14270         505
         862         128       14270         506
         162         128       14278         507
         863         128       14278         508
         161         128       14286         509
         864         128       14286         510
         160         128       14294         511
         865         128       14294         512
         159         128       14302         513
         866         128       14302         514
         158         128       14310         515
         867         128       14310         516
         157         128       14318         517
         868         128       14318         518
         156         128       14326         519
         869         128       14326         520
         155         128       14334         521
         870         128       14334         522
         154         128       14342         523
         871         128       14342         524
         153         128       14350         525
         872         128       14350         526
         152         128       14358         527
         873         128       14358         528
         151         128       14366         529
         874         128       14366         530
         150         128       14374         531
         875         128       14374         532
         149         128       14382         533
         876         128       14382         534
         148         128       14390         535
         877         128       14390         536
         147         128       14398         537
         878         128       14398         538
         146         128       14406         539
         879         128       14406         540
         145         128       14414         541
         880         128       14414         542
         144         128       14422         543
         881         128       14422         544
         143         128       14430         545
         882         128       14430         546
         142         128       14438         547
         883         128       14438         548
         141         128       14446         549
         884         128       14446         550
         140         128       14454         551
         885         128       14454         552
         139         128       14462         553
         886         128       14462         554
         138         128       14470         555
         887         128       14470         556
         137         128       14478         557
         888         128       14478         558
         136         128       14485         559
         889         128       14485         560
         135         128       14493         561
         890         128       14493         562
         134         128       14501         563
         891         128       14501         564
         133         128       14509         565
         892         128       14509         566
         132         128       14517         567
         893         128       14517         568
         131         128       14525         569
         894         128       14525         570
         130         128       14533         571
         895         128       14533         572
         129         128       14541         573
         896         128       14541         574
         128         128       14549         575
         897         128       14549         576
         127         128       14557         577
         898         128       14557         578
         126         128       14565         579
         899         128       14565         580
         125         128       14572         581
         900         128       14572         582
         124         128       14580         583
         901         128       14580         584
         123         128       14588         585
         902         128       14588         586
         122         128       14596         587
         903         128       14596         588
         121         128       14604         589
         904         128       14604         590
         120         128       14612         591
         905         128       14612         592
         119         128       14620         593
         906         128       14620         594
         118         128       14628         595
         907         128       14628         596
         117         128       14635         597
         908         128       14635         598
         116         128       14643         599
         909         128       14643         600
         115         128       14651         601
         910         128       14651         602
         114         128       14659         603
         911         128       14659         604
         113         128       14667         605
         912         128       14667         606
         112         128       14675         607
         913         128       14675         608
         111         128       14683         609
         914         128       14683         610
         110         128       14690         611
         915         128       14690         612
         109         128       14698         613
         916         128       14698         614
         108         128       14706         615
         917         128       14706         616
         107         128       14714         617
         918         128       14714         618
         106         128       14722         619
         919         128       14722         620
         105         128       14730         621
         920         128       14730         622
         104         128       14738         623
         921         128       14738         624
         103         128       14745         625
         922         128       14745         626
         102         128       14753         627
         923         128       14753         628
         101         128       14761         629
         924         128       14761         630
         100         128       14769         631
         925         128       14769         632
          99         128       14777         633
         926         128       14777         634
          98         128       14785         635
         927         128       14785         636
          97         128       14792         637
         928         128       14792         638
          96         128       14800         639
         929         128       14800         640
          95         128       14808         641
         930         128       14808         642
          94         128       14816         643
         931         128       14816         644
          93         128       14824         645
         932         128       14824         646
          92         128       14832         647
         933         128       14832         648
          91         128       14839         649
         934         128       14839         650
          90         128       14847         651
         935         128       14847         652
          89         128       14855         653
         936         128       14855         654
          88         128       14863         655
         937         128       14863         656
          87         128       14871         657
         938         128       14871         658
          86         128       14879         659
         939         128       14879         660
          85         128       14886         661
         940         128       14886         662
          84         128       14894         663
         941         128       14894         664
          83         128       14902         665
         942         128       14902         666
          82         128       14910         667
         943         128       14910         668
          81         128       14918         669
         944         128       14918         670
          80         128       14926         671
         945         128       14926         672
          79         128       14933         673
         946         128       14933         674
          78         128       14941         675
         947         128       14941         676
          77         128       14949         677
         948         128       14949         678
          76         128       14957         679
         949         128       14957         680
          75         128       14965         681
         950         128       14965         682
          74         128       14973         683
         951         128       14973         684
          73         128       14980         685
         952         128       14980         686
          72         128       14988         687
         953         128       14988         688
          71         128       14996         689
         954         128       14996         690
